$ANSIBLE_VAULT;1.1;AES256
32663465366334633562613234316332353962356335613934393331346262396133623461343831
3865616536323035323236326261646464643232653063380a643434363135393639393135343634
63363663353565656438646235336437636437383162383130313830643730663966336334316139
3736663731316563330a373062373034353839393137346236303663333764303365646638333839
66633235323235363436316430366536326466306131373135376666613231353632346563633031
66353865343737623539643863373265303830656463393962623530306531363337366537326166
30303365643535333939373639366263383133323565313564663830653339376333363136353033
66623439333831323839306439636263336365323237346136623535643330366338326366386465
66643466363562666534333533643963396330363962646136376230313066623933633463353236
33303331313665326638313861363333613036616333396162306335313731353034383633656461
35383062333836363562626632643937303735663136626434323338633430613563666662336637
66303765353763323534666335316465626236333162393164383166643430386438333566393663
37623961306432386233343166393939623963633064623364643633656337386264626338343662
36623631376264343834393537303731393034383563313337363061343665393264363532653361
32653135313737363138336631326433376465623931346438613432373731643732336536393133
30386164316164353435316664303137623866623361626534323633393562383831303339383265
39376638636136363734316536323161613930376539306437346330326361353834303133656464
37623834633937336238313934376566663561396132636130336132666139396263376435326165
30636535326361616330313362303631363862303066636166656136353561313432386230386361
65393539666363333430343933353466303536633165613661663231373938616332323037366661
32646636353161313439363337396165663638646266376437626135613730623165366335383164
30353833383938623937653633303063336637333530646139656532386137613063623334363536
36313831363866323336646334613330643137393266376235313734353830366436353561396665
37306264663831336633666334643164393265343264616263313939363836643566323133363734
66626433623539613963333863363037666165633032303530313139356564353661653265663232
65656434303239663132343935393536313339636563393331306635366366663262356631613834
31376566633630373731646533653764633535363037633133346335393465333238643464343036
35616433306635316662623939663665376533636530626536633462623465626264386139653962
37343963386530323361313634366264376362396561633161323662666566336538333461636666
62343866663963306433643132613238366363616334316432366233666431613533633430616136
38626531316562383239663634666332646132616366366136383335653362346436356338343865
34633762626666336434313162353935663362316536636439626264386332363038613432313835
61646334666432626363366138396133396632346134653165656361323831343932323762333566
62623362326238663135353230386632306265313531383462636661653634316435663731616363
34633763353464303539393331323832316332323134323133316164626165616163376336383234
39623637613430356637333938383937336436336132383232383439393061366663366139353564
62666636353239366631316165363432336639323831383536646339313832333632613135373331
66373862336234633835373830313336363064643935326232323830313833643235313135363361
34623539376366373239363661363137633263363463656133366463386437643964313336616437
37326136346265653165383532313433326161626462343763356461626364643439333231356230
32376531333263396634353462356535613233386665633331306265383739306239303032616663
66373164636462373237643030613235373965333832653664306232373937343236353231346633
66656464323234376661633936633664616139363039656362663535353037373666643431613031
64393232316636626532346561653239336366656138323962623661663035333531383766623938
33656535633763636431316165626464366163323732363833353139616636376661316238663331
36626532303533306165363864616134353737353364356565386165613762336264666237653766
66316336313433663835643436343536643130353033306333383561376132333837396635653935
32363031633137616261363237383961666665643366383064656362666564623638363931373432
31633065326165353338323830383265613065306562613662336663636434343763346636393738
31366436326362343933633037396265623238653262366132663430346138666362636262636239
35323531646631646437393462363162633265356164346637336238323639613636316161326566
63366437356265373433393262366534363533323062376565303734653364636465386339313430
31396538333664616262383532376665383663656461393962613066653163646461356436306437
64393465373364613763646261346364336364653165623234383334373337323636356131363234
38383063386366656231633831376136613332323763626336363432666665316535313764353061
66353534383062653835363436373961306330393332313338346461323031323162356338356666
38643034633236326239616439663131393830383838323735373463616635386437393934306236
64383435306561656330323434346338373861373834333731633331613065613364626565333933
63613662373537623838383263643661353261353130316232373130343835373164356438356561
61363038653363383631356630373963646231346366636161393338646266633963323931656637
36653431663663306564303763313538393839666634616161323837313866323730643738393933
31636333623137373638646263323739303136396637376430613939373563383462626633613465
66333964333963363234326665383534653235333331653834383463666136383538336532383935
61353364626236646435306164353434353437353736373734643338313565636665393930353863
39373831373537653137616638656631633733333062373330393831643137623331326562393235
34306664656466363266376238386139303635346532616363353033383163313662383232656639
62323766333764343535336462306439343934323937393936393937366238303964353564346430
65623632643135346636343334376665633333656566636436313634613237313039346662653731
37303432656531346163323637613337643163363036616338366265333963333966326166343330
38613930633437616133386261643935386537623730633533393732656331623665323464333663
66343162666431633234663031306465653532346565353566623964336136616637313833316136
30393330636636663830353962366163386365313661653364363430653838646135336539303835
32646534633766373936653632326139326535613331343233393133343230343336336637633635
32383362333631636562343539343537313139393737643561643765636235346365366233646665
34316231353538356665393932393835616338663739643165653264366139396135643036303530
64653161303939373063646361323963336666616636356436313261653032666539323934333239
37373233376366366136393662666232626132343237653230643532356162343439333365633434
36306235656239386664386434303062366430333430636533346164313561303036373165303739
36656336373035653434653434326463316235653739633437663939376463333563663161613832
37316539623964643665316533396331316234653733356239376634656664616637336538306631
31306334663762626132363830343639303033353164613430623439613563343932663238656663
66623336616633373733316436653738333532643632663731623836656564663264666430396534
30303934386663343863346564333533303631633530303931383538663865303439393638306136
63656138646162396231396235343563323237393933386365383135386634646362386261363031
34646531623763313734333366633732313936663362303364636262666230646436396535356663
30356631363830613337343463303363366164303961643233373062326531363461646336653533
66626132393164303835343734323263623032623932313333663364663238386635636363346337
35343066353664623939376533613365383466393738303966613165343237316336393139363230
64393838613833663933653562373965333238313830623266306462343232303365353864653366
37303037393235656562613235353166333835663264613739393733303364326635306263383061
39303865366166666162613334396432313634333834366465383736343763396231383031623261
32613437646532643062306235376333613631313466626633373632386162646237383861616536
63366365616632383833313138353763653563326363346163376366336564616661626261626636
32333662323564373963303430336638323336326432636538396662356664646232666139313464
30386638626665333461353931396536323334313432363236336138393631326634356139663863
30643233633631323761393563303933373339356634393962376533353330663964633837383263
66633665636362653363393533653664346438663630643165323436633331343634613062613438
61313633383933376134376632386365316233353534353233393861383631366532616262373666
35306139636436383935313933396638633730663330633162623562663035373866383063353761
63636332396233313961323532333735666633336661343539366330306633353833353435653433
32653364613330613837633630343462383638643536663334306135653637666165373930663135
61376534343264336132663061353538333862303932313032303335626530346437316564666437
65323339623266343364363164336564323838663565613630653662393836363534636165373436
64666365353362626464636231663662366535663737356264643630663230653761343565363861
62633561333030616564656332333538306430376239373762383634353563303964303334666632
39383062353666306263623465303366626333633066313930373465363530343361633539633539
30646133616261636563613964613433343530663335376636363764363534316530383430633230
35316530326461623631336465383938353939653433663866333465363135653330396639356536
65333531313364383863393136396336613066623361356130356562653937653535363761666661
65313531373535373266663736346233626437343866616165383936663333633663626365353032
32303838623436396362386137393366653366303565353532613361656134363831386264376237
31666464623866303434396364333661633138363438356633373062383730626232303863663130
38353132613861616562306130636362613335636333643638386134363466363465656434353061
34386137653664643539373261396432333836323833363430663934653939346365636666653132
35303036396232303938333234616434316464383832313064363466643838643064623132623036
65656164393065643966303564626637323763323338383533663166383833346339353366373436
65313637343732616264366661333639326635346364666434376530616639363635363139613737
62646139643564313131343039323439626230376433306339626565363032663764376563363633
61653161346565613036663238626464306135643635613136376638366533626337353663336364
33373634316464623265343038373639346534333162623365373737333637316433653961396638
64326234303536323930356337656264613030656461656166623533383236323232343465613132
64663834636235643434383635393435666236356665353063353030303939623563306638616330
34336235653166616332653162393038663832663732366365393830393031383362653432356633
32373435306332343664306435373632383136303933613030306465386536306330373934653538
32353732653566303332656332386666303865666661333666366639373830373065393638666634
62623137616666613239636537663464616632316334653537313834633064636134653330333665
66623337613236653861653565663162623130663836386164363430346131393633333639656436
63383739316536623331616537656231303733343564646336643435393737633762313639373239
61663235323861623062643732386466313530323764653939363630376464653033613531323463
32393933623733383135333836383639303838616338313263303832616239643866336537656166
38643136326165356436616164663734663534313133303663323130363864653934666261323536
36323262623639643931653339336331323733656266623138343830383836373935616439633234
32383163646631363130373838343530613162373263633134623836356137346361366465666266
33323764373938386266653237613966363532313839643161326638393361333631336433613330
30356439663836653561343264346332313465313139613965306331643764613264636239616664
33386466376333313065613532366264626338303766373165646662363166306130313766623739
32666162333438386564333833306661333263636336386664373232353561663536623639303063
33393031376339366461363161633035393336313365633434386463623737316534613061623966
33636532666364646535363665356435636438363161656263623464626562666230353161626132
63383035353433656537346339323736663532393565303431343133653132666235326436633631
38643838613337373030326161393531343864313337343062643464336366633436613664393739
32663262636539386233623863663564373531633734356633396665646437626664393233646230
37343634656665373665616333316539663862326536323234653937376266643162636137323034
62323063316139323361333732336666363330666565646134356337666536623966393566643635
36616339313732313738353335393737646632633566623639333937623030356466333431313433
39656563663736663965333138396335343663633562373930373535323732363230356136306536
64333031393163386332333135633038363134373739396362383337613533353737663562616131
32626136646165303166646536316636306366366166653833633737613735393963663630366461
34626539636338623538393361663365353934333065663234393032346237363539303865306537
35643162373662343666653763643464373832383933376236346562333839613031663439626565
39363732643265323639386634643133343434313266376263623933616334333366353437663734
33303161323533396531613537366235616334623362626666393634303864383931623461336138
32306236643866306231323661663061343132303438656131656365663263343936643637336532
66373732386138366262366162643662396636343438636361316530623536633538613837313035
64353730613462633863383563613965373964386363373737396235326365363361663866333964
39316264313735636363386131343834383135653465303730343830363165656638316363343130
62636136343334633235663134373035306633653935666565643361626333656465343466356633
33633638633533363334633263313066363033346639383962313161613763333563373930376436
34333532646363623035323433613163373332376362386564303266643831656361366665386438
33376630383532363533383837393637666462613036666639323332623163393939656131633964
39336665313931646561373436663237613532343162663966383136326161613336636337633431
30373535666530323039316336346665396233333839373761326139633036303635633430616530
65626534643238346438373761316164356238383163386431326633326535376637383064333630
61346231623735326337313131623537343866643536343137356438323630313665363365653633
62313165336631616430626430313839396437623139353833343965326365626531356532643861
34393736616363346461323263346566323733353262643866346266613835333864373932343435
62363639363935643532656332316633343931653734623534656664353934393066373231343265
66636166663335646562613765353036376361303434346336616538363765666432643739663434
63646332643837326637663761366638393866613962366638636238616366376538316437313230
38626232336235653134393835363763336630343038653065303736383434363466363661383634
31393466613031343237386539343961396339643635373838393664643861353464613761666439
31323238646364333164363565376362363633343532313666343536333533383835383339656363
37326633636238626133323534326335656161356430653335386463616239623261343930346136
61613563333734646330643464646535393733383431353663616331613333626361636666613534
64613264383338383262336263396532333763303330373461656634346539633361616165386337
34316263333031343861623133346164666635643863646236313663373163383465346364336630
31613964616665663266643064393061326334626565326165646539373538636563323166336533
32653764363564303935643732623638636233616633353430633530633063376234363338386332
31373364316463313934346139336461653163613939666137323930326538346665376665393166
34383063623337633862663065666131336632363636383735613133316464313939643832336564
35663530306466313135653334316235326334356261393738633538303237636234316530663836
36383766653331323731346164636432663465613735393866643765666531303433386361643761
34313166323137373464356533303833383030646463626534363532353137386161663038336163
61663735336434326632343462303366616163306562623739643430363966323539333334343838
31383237316166663762616336643430353561336634303730333331613935383765323565666138
38623633633736346438303364653631333931313737333734306531636361656438613262313930
39393266323937336134643337336465323363316236623766383030306164333962373761616437
62346235633663326161643561633665373061383138386439343561303431386463303537633835
64653065336561373630346565383839613966343965326639336630336431623839363535636665
32393966383434313864666264366333343732373762336165376462333832303763336539366434
39396239626362623331363432333933643136653737376562323532303630383232326239643437
37653130376234336666333463383264343030333233643338353162656532343133363163316662
36383966396461316435323234373637323236626432663534303962363731393765343162646165
37353966353264333334333437353130393338333366383263356233656239613564636530653462
62663237356135383161386334636166316265376132663237396132383238316135376562373235
36373230613165306563313734343035356466316338626230656562333439653261343434376565
31323763323736383430326433633663356638613333306538353565383566626635323631343664
61613262643132613633653430383630646263363237626232346537386234336237386536336666
38366235326466303864626531366439343336383931666339383238326339336333383236623736
38333036336537663830353931303038323539643835303838303461333834353332383137646561
36353035313266363862333035353363393535663834306533373961613362646134313530353037
64623765616661663032613064656639666663616566613163623363376363376363636633623831
31303462303438333337656533313437666337313433353734313332656433366437313866373364
39623436363438636162313735636262616230373465643164366530336263303435633437643136
35396462343732623932323861333066393239643961313836623736316263363162376332653262
33393738386262336533393336653934386161326532643132336131616162383265353265323633
36623462393033666263383561653966393965626364313937386533333762346337613464336665
63386163663232396531303238363734326265326630303930363062653162646234333064373137
66353039626363343831306161646535616238346534313866653539376461323638346439336361
61633662613931323039306238396131376133346561373533643339373264663134616262653638
37393464306265306639633964623931323230363963353636623061636163613232373831353732
35643730363564356236373132356164656331653266323439616336373762333731333432393139
66326233323930623834393138333263303939393638656163323934326333656530316365383134
36636663383938356562346566633130356233373166366236373664663066363838343435326538
61393332626237653163626430613935323034633462353033653964343734633931616238626138
63356463653536643139303732663530323266356634323365383662343332653831313932393064
64353962356163363061306536353661313330623038303435333366376638356266363734613734
62343938663933303530383631646262393437363461656531653036623637306431353664363630
35316635313437633531646164643064316166643666306435326461386464336438666161366435
33323965373639366433326636343462646234376362633434663363336632306433376636643638
37323736303330343331643963656133636664373665313231656263663461323336323331373435
37653936333932393361356130326434313038383937356563306364313039663062393938306635
36366537396438666637323532376165666664303431313138383234633438343737316438613537
35326262626531613663343062313461643963666262663339353530323330303566656438373462
30313134633331643531336664343934656466623465373763663734396431366564643937343362
30346335326162626439666564396165383066623534376630626239633966343963346462363063
34646335383439666230343137373132313430323163643034653837383634333966376339386239
36373336376432656164333031373635623066666537613234633433306166393839386638313563
31346461386635373830373133323563643931663335626663666565613162313961376334303632
61353330366164323138363663303832303439373561346632333263643538353034336164646437
65636662343635633465346235326633646661353538346236613334356234646264366536653437
66303861393535613634616230623262653266323662323536613539396637363063656363346435
34663630303332623662663061393761303832653131386637336130363562636237343866346634
39646432663732653563633233363739646630656362666332323863626339633062653064633738
33643131343762313232363665633936653362663834386164336137643831643231653132663931
31653164666564623165336133366134366139303838313238643930366633333162346332313764
65616233333531656138316431616235346365353762646538363766663764396535363431376231
64373636323863356666363535333532366432633865306361346464616533626536396262336565
37326436386366393133306366363566623931303831303039323433313137633162303962303539
65636538376365303263383161303766396461646438316234623536646262616635323034363735
39653830366430623566653830326262353736343861393066323866323138363032663038373565
37633065663064363531333365346133353234643336623837616537646665303333366634383162
34323233373537653533633136356238313537643737306134633336613939346262386234653531
62396633666539663831636531346464306562643137666135323034306338653830376264366262
63376664336336653737646263646665653438316562633438323364666166383963643530306430
64343736323432373831303234663135663931626565326635333737313364643263613363386166
38343733313064326334363932363532373664383865626534323739393437343633633032666234
30383232616361353637613033343639643432326139313630353263366531303230656561663661
38353764363934323734346537326232653936636231346532376530363238626334646461386630
65336133326439623164323337383638363937666538633533313630663830383137323766396163
63383365623434386663396366313639656530343132663935363332646561396239303564653062
63336138366230306534616162323664616532633839643539663139376463343561656432326634
64363862663464623034633766366165633565653536303963663934636161656231
