$ANSIBLE_VAULT;1.1;AES256
62633066323630393135663266313065666461326166383361343330366236623030326563313035
3461393233326438373435353262333137656234346136310a633161623663353862393338303333
66326636393964373734616261353162346561306139643039376463386561353863636531623030
3433336238333530310a383738333962636237666565306535613663343966353034326335346233
37643633353064643335313639303265636436643637663262393630363265373837313262353539
64323137336663343233343537343838623936313333643133313734353537386536613839393466
65633733356635636665393636363939353464633062353739393861303866666138366539653732
61366361373164653062613337313265353466373430616466383266633366363565336234363339
62353561653265323339363830306332343035663138613733376336313332396664613831333532
65643161666662646230383664663462383030653231366665323335646436383237663963353861
64653464386539373834353030396539616633616164303938306638643064306236666439366235
62363036653431646339383263616262356139343933303738303737353066646563363838373762
31653730353435396164356262396463323038646564646362653533636664316538343064663337
3638653535323465333834376533336438386535663437356130
