$ANSIBLE_VAULT;1.1;AES256
32663732636132373734623734336136613631343532376630613331633635333132383566656362
3538663638663535333432333032623239333261373739610a363230653261386533623531633361
39383735666431393035313761633835323131646361333266326262653932616433326331366162
3336616438333361350a643361356361646563363564353131316230336365613437313837653863
30303761393134383764633331343735396232383435376562613234656262643431663361336662
61306632383433366130646166663537346637646662646465323037303432623737636465313766
62353931323363643961346466393332383331613563323236323265313736366161383232626564
32353634616465643838396235666135306661343363613632343066363665343734646135663536
35383035313466613263643661376536303537653536383032373533393362666665636339653961
65623130393339363161623735336335303362333033343933393064373564613931373431333832
30363865623165666164383036356230383431393661353762346666623535663230343937386531
36323931343665363462313332343663393832353833653761656163363264316339376430366432
30613337363563623462373261386437653638666264366466373431326134343864313734326664
61373830393132663561396639313534623961343833613937366630386332643464636266636132
64623063396332613562663831656465643636343137313530623433336666333965633166383530
63396363666336666232633533383861386133626262623730653362376462633861323830663663
36623432636634613861333865653662323635316434396531306161333766316136646332356133
38666436653733343339333734306463623464316662353736323131326262613132636662303064
65343238353030343033356135376630653066323730643365346466646135623662386236356433
31303862393234633134353865383430623361663438393834313132623364323933333866313131
35313837383333323137643862393434376236656464343632623836393737353136643631653039
66373965633561356331646130636434376635326666646466633934626665373630373465616236
35613639323335643731623964393035636238323438373362333666316566663766363736663265
66343165633031313037316663653434343562343363333461346362623363363534353666343535
33656162626263323963326431373635613865613262626636353363393836313161393131303831
62383933386261356538663337656634333065656364346238613239616139356562633662643663
63646161623562396366316530316464313138393333366332656664646165623233306562613433
37323637616361626562643161366361376637616564373939336463316133336230633265356331
37656461343963326631313966343865303336316461656636613633353338633938616133333538
63663663303434663462666461376364333133333530613462313631386662323661643233346332
65636239623466623830656361623363623733336134393961613632363462643861623633346439
64623834646563393433656531306633353664613936623665643834636133633633623630386430
63653362653530623232373339393835343337393436333532363361363963366435656162613036
64636562376663333965663733386639303531303935333565373362343763336639343234363162
30373634633230373438393438663038353431323565613934356335633534386362646661336332
62666332323065323534393565366231376338643161343565646238396331313537653633373336
36613435373661343336386130663034323330613033346534383332323964336639386438323465
64336532663634383833626565356664343766646535623065303233613737353334386439313466
36663730303862636136366336663734313739353863386634393437303632623034373136396661
66316162333438306230326264343430356138356362653864353538363265373866363935303862
33613536663837643363323731393339373263366639386532323761623539623939633233623563
38613539376632353664626362613461366139356336663339663764333034386261303538656165
62346263656638616139346361643166383865643235323836393633396463303933396164333363
63333138623736663430623638366533613538663362313632363664323437353239666431663132
37306230616532306133656531306434363630303133656530363338653861326536353139333034
62386661363265663561623631663237343530316539383730343634373631353033336635333464
66343166366637376266363233623731303363366462623539393365343038633439623333363635
32316631393762653537376165343739653739633363363434346166646335313735623634646163
37346365613864343461353936386661613965393730313062316434653237663564326265393066
32316565366161383635666237643235333633663134643334613430343834656434623832663732
64643564613265626131343834616532346161323330613939383730353664363339393135336237
37316337643735616432366433613962663362616231306365383938393662663730333338333963
65376135346332376238313463363063333638393236376131663562393964656565383965323331
39623736626133346530613939363530393932626463623362326430646538373362656638336165
66616335363661323137663135636665316163653866313064373931666362376236616335303162
32643463646464623061353961303364376531343130303330333165666134626431633531323363
34373765613030346133633630343930306634643739376135656637316431313038396235353137
33663865663336613065323636343736323461646361313035383639343763346133376436336530
37396461353463303630623861393437326161656438336232636234626465623334653565633862
31303262623938653238373037623930623464356566396136396637653330383739643931333832
35643466393339666233643138626232356233616439613237613631383038353537396664306332
31613334626661666462613665643735656239636536316363613333316464636437636331366335
64353037353233366439346637643861376337653230643137303930306633623430343863363234
38323863663962636632326632356564636661383937343637653739646136386166636535326539
34303736626465613664356534353539656535636165373833633038616462653032616335376461
32306463636630646139343730393361383862363633343937366636616338383832333931343339
32383665383032383664333562326466396262326462363365346566323663623638346534316530
34383462663165376635633764653234383162643230396133666566356466393365383261346235
63313035376437353564373838396462653062346266653933373865626564356432633332373261
66303134363862396561326538393132646533346135343537623434343765333166333339396163
36346664623065333030646534333530653865386334636363666662336138303362336365656637
34633263393536393739366464383738363434613565326638623864663336366434643164613136
37646233656665333832383032373865363166333666366439363663616363333837643636333332
33623430663766653833386364313437353436636638643532383632376331633434323236663932
35616239303066663562353535656239613637386234373736663063343338306638303737656334
31323862653566623730626364333463613565316532613865316332393538323562643539633835
35326138633236323632623135343537333930316435323861323333633037623038386435333337
36353237386331306163616163623832323965343763623761303439666332616632353264343933
39633439653361336466336534373736313765336334333861313937646366353133316665323731
64316663323461353861306231346562333763656634313564343430313661353466623133643466
39633765373532643534323932396165343262663261353565643937666661393435616139666237
31636636366437663930653864373639626335613162326333626339623866396630366338353464
33643037643566653262393464633864636563653036326437333762333365643130633436653165
33316530343537303838386166626564623362333765346235336433353534363538383133396638
66623439363262363831356661373537376533626639653538346366623635383139323664373339
39643661323364343537373334373633303462613562396135376361393166653363656663386530
66363535363537343663343335623765363765396637643830633337376639313566643131363031
64643963316636366366386530303162376435363633616537616633323962613662333563306665
65396466313663613764323932356135303936393330653638623334313262326666613030306533
66646534373732613939626436663032383036303433643463363834333661613262343965626465
62653333323632366539313961653964383364386462386539353061333832306462373434303765
36323962383065333037336436363031663164306634633236323035366363373964373633333432
61343730316637393834633535393836663964353734626337356135386463333331356661386638
37323135313865333237613564616639323437383466353863396431333239386565313765633136
31343834643735303736643562613665333962383033373064653030303166386430313138306563
65663538613863663761346564303163333436373732363230613064366335316138343039613261
32353336303732333538393565313165623839336665353265356464653761363434626262346138
32373666323636303562623039343736663132373039323834626536353432633036616339303366
33376131363661346235333534306362353533616561303930653632333738623937346165313063
65306465336635316138613861653731303232306237346133636665373131346365316161623538
65663063366236386233333934663939383665366165303931353137653861346333366238343961
65653137323662313463376135393364383934616463326437653661336331633436393630306664
66393366616365623435653133613661313330363436393031306531303065663039333663616335
38643636643234616135633063633336313731303162326338613537353336623465646138323761
61363936336134373935636137363630623064306430636635316232313930366330303361343436
39353762616435366438396666643832653265666633313932656361346565613334313932336531
63313731636563623831333362663465336361303431613136386462386534623563663631313934
65633937316336663539303837343436353864356365363634663363353335646533663762316163
61333864616235336638383831363430386235663731633338626635613331323639633333333432
65643063343336656536383164326231393038396531663532313732333166373962303233303337
32613235333736623937386535303461353563663262613630313638663138393532323238303165
33393134353530366434663033373062326665613562303331333063396238333333663463353462
66356535646363666431666532393832363564323633316234353861623661376365376239353830
66623661663634613864653666303665356463356361613731313763633061333364313564346139
36383461663533353336363266653730656536643931663331383231343930653037316465616361
30306636366233333636333537613365666537356464303963396532373036323961316461666331
34386335643531636534663566656635636537386163323330633832326230636561623238376264
30343335653733346662623766346563316461653330633035653931336662633764396333633230
38313462393763323835353035663034373533653939613238323862646164393237626337343066
38386534333737663762616464353961356433306432653930633836303431666632376164373164
35323030353662376363313830376364636333336464316139646537663532386265316632663039
32616630663135366239616534663731383731356633303135323661386439383465363238623561
38636662393730636463666338366631313466333165663735306561343135313834633062366333
33363766346366393232326638356637633165643263623263353035663861393033303035636435
63333061303539346133376436313463333036396163363538396533356633646466336161373838
32636665376333346631376163623335343964303039323264663864663239303335663465333938
30633636316239343064333333636633313336396136386637653831306134646631346165363065
32323039356137663438306364646132613866316338616163303834346665343932616365633264
65383066623962636139653039393132313532333738396665353562636439323432303538323466
36313436363537666263353936393031383631663462653436643033666439663136633866396630
65623365666433633232383666623034343736343037653131356634396336633464366130663235
35303536326465376564626436323863323366646363313930626337363134383430363737343138
64393661653061376565333333663638616436346138663139633533636230383863303534396130
30623735663538616431343063646366633263653163636139643563336430623630643033343030
35383038343563363334666265333063303638336164333335353161393063333638353562663539
31343136666432366439323638386561626161616536633731636138626338313930393266376161
36326438616633353465666531643162613235653765636236643737653563353831376132323933
33376637666333656631303138646231626132633139653065353133623464336463666332626365
66393436326561333962363233343237616464363661316432663835613766666237386630356633
38323633333635373466373463333937613463656539663831346332333733633130613363353938
39353963313631356337663935313264316538363732303134633162376338343065363031666435
61316665353663326165613964616335306661656633356535613730643135626533373931623362
66323639303534393936336235373238396364356265376433663036363563643739326433383132
38633066393831656265653665366137656338613030623165373733336134393439313631343636
66323238326132663161323933376461663234653033313132633834386664393266643135303431
65303538663161383961383237396235386564633731373162626637386535646436376464643864
61623138643264633438323534626632623137323438643938326630323366346332663364353236
34616538666162636163633766373164333035316161626536623363626162356165616636346433
63653232666138396639653830633162616365653334373165363338353038343539326539393366
32383736663538363334313739303763386530356264313262616565313339623836373332393130
62353865376163363434333765386262333236386632306161623965646338383661343430623764
36613932323065303164303331383630613561306537333830663666626366313432633531306462
37656330396562336261363738353734306466346637336633616239343063313662366535326363
30373465303637656465656261636430646136656331323237303931326263303162626134393634
36393164343365633837636264393436386461623764343630346539376631363838316333303139
37373162343332323165633734373139613432373535633739613433306631323939653762616561
65663435343338373334323837316462633965323438643164366562663332623133653964366462
63313762666365356461313261303265353063643336303532646635333534643063306164646461
38383264613561303933616236636365623363366130633731643565643235353837613463363261
63353861353134633262303932646334373737333464666164666530396333633336303530346564
32353937376537343832343463636133626566383638383931393263363636366635663434646332
66396562333031356363643163323466383236393432363962623362633937386539363639646438
34313530346631373864393031613162393762353933393539303362343733363662323733393737
66646637663132363335616565613963326434643030633261306630363361393636623431323731
66333365313064313034646433383532363262316339666337343537353563383064373632623832
39326263386136643065626235326231346165386538363039383232663335343236373261326539
61313034373262306530373934363533613735386533313733643631363231303036313964643132
33353439386265316635353931633664323364343236633737636563636437636465333761643163
30623465653561623439613230363237623432623034306564383361613864663739613531636466
61383132626530363937666563316639333862383034333237323264303232613235663362643633
36363262326332363866373365353337396233363336623930383663616235383133323238373835
33626331343234633533373637656433393762303835356466316162626137616262383731333862
30663062303235646530376662336434316461623530323466616134373264663738633965346538
63333366363639626533383662396331623930653637313037333831346235343461653562386436
61333063336635366462646237663863313638333536666663336465343062386335343966313061
63653965343766336536623336663939623630373861346333383761643236623033646638636461
36356233663630333532633834623338653930663236666261333966393931666239323331303434
66363830653339623963656561353862343034623731366634393635633161393733323539316635
31396466393730373036306636396232343663623766623764303239343034353632396631653564
36616562643562306231326433306466663361666131313162623762626266626461386366316137
31303635663931323561333761613036373131323936633333633963336232643737633961356331
30656662653263333336326463353861663535636538323536326563356330373032303338363963
63343432333530353231656535613731323531633765306232303332646634633638316533623463
64383936383932303862363766313164346632353563383531653933616539616539646637363930
66323230646234626162343231643032333536636537353733323837373132323562373662616161
63373233316363396337343430616137303862333133383136393135313333353962356331313531
62323063633037623262623932663634333637323433376639353138623432346534373639356665
35353033373065653130633561623038386264383131616264666633616233306166366361313937
31323534373630353533643039616433633832303630663732323563356161636234633965336165
35366363323266336636646263663161623934623362346631383435303165656339316632376165
63373238313839623064383239643832663963636662666233386331626136653362616665623366
32346265373136396465363733666163313964396464643233383139643763366635663132396636
39326365613739363163323733343738623334623962623334373332636330356465663064643437
35356539643161386135343339616136623037333035373361303338646634366235616166376139
38323130363263306438313332353536396636336539623263333135623536626230623962326564
38313066636264333364343862633265303633653136643435326364363437303430663834383037
64373331633533333565373766393435613739316132393939616536343364633732663266373561
31366533646634633061346465656534363735373265613636633237353061666366616430663062
30306236356362393061336536316364323630326162336131623037306231373062396632633762
36323430383632343933346339643163646265633136616662666264336435666662303136643762
62376137343639386265613935613461616232383337366161613536666538346437346330643265
34613962613861666235353862343531353536616133343064626365373365363630396637333238
33643936376332383737666334303936356438306538666636306635336466343066346634363564
66383365383433313435643833326332616434636230623866653531363738306338386637623536
39333930363635313434386138393135616632656165356336653739333737633339343766336634
66316233333431343062633933663962366233353963336532303730313335353264333934653139
38396265616564363761653636663666313936653833303532373364316536323165346335393434
61323163363436646438343934616634306439636232323531393131336462316633653935623834
63373138343565343465383663613139393561363137333363383763383261336262643565326364
64653733376561663562653730393165643961653164346462653037356639336466636234623161
63353664653563303964386665356562626535633738323562366331336532313961303638343738
39363030353663383636616437306330616362356138346232663435373331326236333565623834
32383765346265306565313164306666376133333731653733666362393834383566663030313935
30396435636465656536333463393137313462656463626161386263386139653332353237323866
62303632326130303162373339326633313835313935343739343434623935353665323962376538
34643863656434363739633432623936313935376637666237313432626561626661383565343161
66356162343838363533633733343862663166643064316433306264336235626138643938383262
31663362663737306162373966303666326539633066303661333631303661373265343866316135
35316238646631373639616532626439396563353565646364613233313431633134343335366561
37656132643437386161656634353539636533646437363232633537643130376239386631656161
32326331626563336437303736393361643464613630373933386562636562613335386231646533
34326436336336653334366165623133363539356238356337646630356430396465353136393038
34323539323031326339366164653239323436323361313464323634303237646437626562393066
62623162303462363236346437323335643862623431633239366534323736653837616137386334
34303338653633386363626431613562656337343435643230616465633334363465303431623839
63316232636637616234366636333262353861303337643262373139333931623730396633316462
33663038363334383264396366353533653238323536393338373039383733323937633735646630
36326337343065353039636635393035616539666463306133336538613864303034623736383138
31623237336537366265336164633336646238383766353930393464313238616136313931636438
63353233643764613531383766333430323537316637643934616437323264333434663338383231
32353464636336666365393134623139653361633133663036613737366462383465633439393435
36636266303139303135333133666639346432303162303162636334663533626564343764386336
65623332656564336337316636383861613736636539396164643136663932663735336539363439
66663962376662373165346463633930373236616263333863623561313633396136396535616536
32633266613763613438653334333336656536626637353732303466643032333331356565366535
33396235656233313639313433323232633132366234613364313431393333303464303836383036
39386666633433353061316266346162633834666666306532363031386533363565656239376632
36356530313230623262353334373166636437316630346464313062356166373432313937326162
62653764633138393666323034616661656638666338613436666363303465363238663038353064
61303762653865363338626164373065333239626438643530626338306431333132613263646263
66303166376631386364343530613165356436626465346261343632653964663433326561663432
65306636313361376133383036356664626130663039383131366466396666663139633237353136
36626232323335356566353362373466376263323036653865386464303566633864383733343038
66646536366361323538343633306133396534343063333436393461366439616638346335383362
32363538626535343931303330386661306463656562336335396361373134666266316638663664
61326331303261623037373639656230646162386230646631623737616266303832616231326130
32613761383534633537313730356138613439323863663437313639353337653632363763333664
39363530386137343566373230356663313166303036343362653266373536636661356565653061
32616138343765376438366363313066353234613961633137653534333434363264626364653539
34303764663538333337323964663261643030633834623534636333633737313966326665383734
36653264626331376536313566646163636363656463313239643435376536366563393437613434
32376435383335613434316531656461333330353166393465306234333630383530323533333565
63316636386561303865643331386562313830343836353538373931653835363536666661363730
36363731633037646661616334356538303538663066353630323762333237633230316437663231
32646562373562373063316465366436323764323137633235656630353639646435616164393665
35333332666162363065393235613464366161356365326230386138333265653035313464313838
63326264653165646665306165363130616234366138326639306630346262333664623761633462
36646564656262373465373065386237306631356461346230643565313961653266313039363236
36663463333865386364383232336330366662666332643332633661613332366334316636323432
38323236333535653664343337386537353531346637613333336266356637306633653132643366
31343734303965336135646665313663333666313862623938373264313932393065353133316137
32613964353736336330333530646131386530663033323738306531636335656331323235666230
30373739623763393430666438383633313961663532373132646231353737383530633163663265
32383234363634346139333161633936363533366532646438366334663933343961633331633331
33396462386633306430656137313863616365373961346438386432383632383737366531386235
38363262636630303031353636353738663633396636613166366533383665386264663833373238
62353838373966626437636636363332383531366535623233663663323737616135393135306533
39323266336562666465373231663837653734653931663162356337323766333065353934613562
33636431353765663239633463373666346437363136363238656564343135323864306134393466
64356263303834633662383633313933643863643632663362646135326565336637393765356361
34646364326236356632646332303665373534396161303336353038663737613366303366353165
36623438626630313035636462316233353536306365616332373665323939626363306536323539
62326235303861393537366433646631323462616562363931373532613232613266363936303932
33363631616435656565353239313438623962636533653839376463643838383134663039336435
32643830373938383365383632663838663335313630636134393432663237656565313662313734
63396238333739633130613661373865313633616235613139663366646338393463396263393134
64336461393963636262616539663433303365336231313038323164626463333830613932303364
31373539636466656330643562346136363861666533393866613837303733316436643036353664
31316334363731653365383134613262353163346366356365366532303238373237346137613034
30613030653335353462313837646465633234396238376636633432623936653336356631336162
32316233653561643664306139636130366136366562653737343666633731353937376630346336
32343332613239613966363939326439323539636465356332396266613733633434313938376331
38353966326136323637656237653935383133306665333735356232346236363332373162613766
38616437623663633366346437333136373130313362393635343661653335616438313331336636
37313531633631393565333631316662626638393762623838353538303637346262393964653936
33343338323330313065333736316561373936653931636663323330623031363139386135613830
32613733653336633734656466346261663936613435383235613965383165653431383530646132
66373733396534396162333232666531386666333066336632636231333333333432663864633161
37323732393939353930663166396161316234376336613034366632643235656466383865656638
65656631356461323832316462326662646533343338666139333031623431656331333566376662
66353532383337306361323732656431626563396133363739376333326264393436346365306638
32653364373739626231376435356637356166616636336438663562633634363063366239613532
65393331376439353237663866336263343934643037376332303564666339653533666562316432
38363436646637386265356265303461373839646333306538633862383237363264333333633566
64303864613431393665396235356236363832323532643039653634653933366632666234316432
31386563316165623430343466633466663039616465656161346163633839653235306664353963
62653762353036316537343837366265323065333764333835336164636162643730333938643737
33623562316434663732623339393939356434356566393336623037323438663966353863393663
65323538333835613330656432386130613166306165326564343866343231373761363961353437
66326662613837343731663238376164393465393934323863316637333038373431373039346464
65303731356132353135343739633664623237306139663262393733663134666663376639383061
38643739303636363636623233313139653466383264356461313936336661643061626234613162
39373535353732663033343537396133323435376561313261333534663135666133313963366239
30373830613333316534616462383536616634306463623130373635666230643466313930613138
66643761626130323038363539386134363431653937313864666163313538343733663566633534
38656236323739323331653036343933633464396631623266323837393862663531386166633331
33613463303039326334323238386564303038306532653031303865376633353963313537363734
33656362616536643537306131653664336135396632316661616631326331376338336463353331
38356332613339663764663663613931373438343133383432646534633834303236373334316631
35363938353733663933303335613533626132623866623539613437646366623066633731316139
38303964633737303738656139653039613066393666303033633264306430356562373331353032
65316237396137366535363435656630363631323365313961613265313361333366633537653431
34623437623332393137656131313861333437386337303764346130393538343831353763316636
36633933643632626638346265363930303065633337636235386230383230633636643333306239
34643736626365333262383330653839376234366236313538616632373364366638633035303265
32663565353662636238343663336439633361316239376332313039646164356235613931323563
65623163623566376566616437646639353863636630663365386565383337363065626530613930
63646462363433653765646339346432343833326364356433393533323330373863366638656337
65663964633433653966373331386637383964346238633438303864643064653332313264393230
30343763623566336531356530393034363039386663363337653966333862613537326130353438
38643237373732353239386130313437303833336239336364323764663764633538343031393766
63323564653134613934303639393933656331346330303662306366346236643262626136383130
39383465303364386465336262393931623733373132626666653535386134643837363764323036
61333135383565643962633261616461356365343532376633353134343735623162656661356339
39363034313763353838393638643732333765666661303564326162616266666335326331616537
35366537643663323736323562333161623662303661343464656132663439623737333637303734
65363565636538303066633831626665316332636361313361393961336665336364323431336439
34666633663132306332326436633330343635393539353261633662646530653964613466653532
36383035616664623635626439313665663639613835373534616330383131643632626162623161
65666638383564333539373832343438636336366361653638326261663433363262393836643265
64353362396639346333306166323865333865373766386263313239363839343964656432663638
66326639383338653262313963353231613462393337613033626362643632663436626163613431
35386363306236666661393937613862353635613565316236383533313339386133333265336561
31656266636437646161383564336535623938613662396261666630383762656236626634613130
31313061323062333237323565333936656639343235353365316635373662353538316637653337
66646131646638653166376638313834383231383732656134363230636362346539613535623163
64366634666163636430393239626331383262613538393536343864386635303530653739623032
37613932633761646238323366363165313038616266396232643139666531353538326261373366
61316161316635656464656130313062343762663530663939623337353163653037663762356133
33303263313034613239313839653734663562343862613335393063623530626433626164383536
64393866663032306162323634373932353932356166663237653065643936316336323139643335
61306234393032336338613337383465353761656638663365343539633630653731393835326330
65343663613538636465333930326662636234333162656237306338376435363939656630363166
39356139343131626430313037326532363933313631636538386238333331373463356132383036
62646264323061313238323361303138316565376633626366376532616362623262623134306531
33653932356161636636613865633962353561373266333136383863663538373264326539326332
36326235663534356336663861653938306636386131323039313438653530353630343435353333
33383930316632393231363136336431653536353562613137663034316433323362303438623735
35323439653163343634656434383564636266393165643162643834333730386662393237653861
34386337363163323761313738396537653331383534653439326134373735333139363132633436
65623332323630336466343435383662363166376234313430306335323534366433636662656233
30663730303366366561383666313063396332613835303266386134333636643335376439383965
37386232666534643331613965323434646665323635626661653230616532363433313030663533
37353166633135353837316531653032326236663463323834633130623463623033333962623761
66376530353430346630353263663638613236346233663863373534643433306265346362346564
66613234633638373834346561313532373236666131613636616433313739633766376564316430
36643835663464316461666363623664326138363863636262353334386164353263333730356433
30313631333765313461613939386563633533383036393239303237313532383962303166623361
36306138623036386362356339303964623233316633333034336164663030313866363333376139
31326631613637373436383263383263653761303731633562656130383935653637313431646332
30373832303535373065626466333831346432343031666165376332303131653830396566333161
66313030643866323035653838323466633433393435653436393432643431383331643630373134
62316432316636643965366332663166333566383337613134376232616264323965336437366361
30386138353663643530636230643238636135613366663230326164666439363765396234333434
65373935633834613534373636626364326433333132383837323066306530623133383231663366
32623764353033633539613162396533303333363664616339396131363233616536326264653930
39386136343636326531343632623362353563663232663632393966633963373263353538656437
37656463666366326361653665653537353733306565613632383536613164336265326530613837
36396131313163383561303831653235353862306237343339316664356336336432633137633163
36343132613434646236326562396166333935636532373764303836313331613236363335666638
39616163396630343735323563353632356135643232643733336531663435623962373836613661
64373162313335343138643931623332343030346564386163666333363239306535633363616530
62643335653731643834613234646638393438633663336631383936366238653662316336666436
37376562636466633933323863326535653363313733643034633537356134393133653130313839
64663737626663666636633331363738323234653330663530316137373565386265383365383836
61633939363334646333316532343164613565616132656438653234343964323035323433313830
38363739653431643939313438303862303737623036316462336331383237646563616336636234
34336232306465656266646630376539626263636233323163366662623432383362366465626237
37613433636430613538653230386431663132346262306161346138396163613863363864313235
66623734343663373161333635343965643963653361663164643839393265666361346630336436
61303436306465356237626530393736376332303237646261356531653661643237333663383537
66376265373135333834346335313536396236366463623766366333353463366535633430393331
32356462383064656430396239306631643165663763306633373836643663366466636461623665
39383335353330306133363264386639303063313136653838623432663335643333643736323831
65626132643233343932393165343363393935353364346330383236383233393530653039353866
61313535666438363431313036316531336239383335646538656237636163656565646461323632
36353463333261323535643765303131333230623134663464343433346136363862393537336235
34623638626236656266666561343739363163626261366337336630396361656232303162383336
34363939323538313236306134353133386139626464636330643262333438306662643237383934
34643937303737646566396461623961336138626131613165633132633236343934353334393266
39636237323238316265356662613433646564663364343033353364626161313839303863393230
31353635383064393164333738623530343934396335653962306333353263656339356532633039
62383136313863383432323134613165306661326335346137636238636237303732636661663961
31636337663033623763643163356533633136666661323964633734656466386531393366616138
39643931303733313431303661636465616532663835636539366664323938346166346238646234
34303137326166346261326366383539353234656230383838346134633934333066303632623763
35656464343835646665646665663232666237326332313136656166383533643334646362313938
63363965353435656337383036323735353236393839383339386164663237653463656166306466
66613837363534666362313865323566373130393534323262366461313331386232653063323733
37646532343836363030646661633639333039336435393263613637366266666566336565323038
32303434343863643363346664336266313737383536326339316331666231653437633161346630
32333062303563653338663536313532346665346666396334356536333865663166343961636664
30343863326436336265326638623064653434353439393764363662623439663835316336353033
37666565393938383066623339626363663538333266386363613539643838363831303338386366
37643831643439663834306238373434363761373761336135656161333962623437393033623762
66653835313939383939313339303732343166656638646563666532326162393564303234393737
37633631316539303738373564663462343634373766643835653334343932623337633434643261
39383063343930336362396434633431346262373062623766613034396638376437653032303265
62393735306534666235663331353338616533353730653031386139303464306464623338323337
61383161303630376166323365666661313564336164613633666232323164613437336530626630
33396261346638343831316430373064633632346638633236626661346663346432393739656638
36643732336232326265343031346163646534336633313563643134663763623133336561303835
64313630333336373133396562356431663631653663366131636563363437383133626437393566
39643465343635323362646636393062333635666436303562373564396334323137353962643461
34653564626362376335346237356362623165636132346233356135373966356263316565323662
38623863633565376336326234353166623634383432363164356566336665616363316231383865
62326630356539353636663736343138643237643665363561366237636638303939303630613064
35356632383436643861343064373530613038666664343734353137653836363063633130343265
66303131313435386662326166356130313365393637396662316362623464333565363630383830
33373861626464373133323339623434346338623166303333646633326666663464313031343863
33306132393564343532343333313931656431386534336239623831646363386134396135303632
32333364666238393062383738636438303937343835636663626166656632663932336366626436
38646133623563636565343834326432363065623734363166373333363761313366373230353266
36373935633366363731646633663662393132623531633062383835343635333461376234636630
63333130343833623933303362636666333865383639623130653230343939353966343964326430
62633566623963643463663339326334363761303030323631623262643162333830636161366138
66353666643063326333666139636633303535663763323663396461353234643034346333636633
33373238303831323635623031333862336637613630636639326364643337336562623137636436
35393062366163386534636439623465356666343039643230323830643765306438393838363262
30363632613863376430353365323936646265376537306263633834373662373839343863306234
66326661326232363165363865323762323138306432323332626431393666656666646136656533
36653037313237623632393865313332376134623536383762633466363339303738663031383133
30636663353632353131346634626133313836643666396238373933343638386130333334663561
39373531366164656365376234343033626334666635353265343165636536363532333437653161
62313532616262623330386338366630386261646232623539613639393462613530376532373861
39373163663135653136316662656337396432336231393663376434643635333565316461313163
32383331666235373165393663336233636665396166663530393165313434313262303137383139
39373436356665316266393238613331323763353131323963383464313062636339363735316562
31376137316636633061623263373161363936313264356338393061316336356561313431333161
39353232316262346535326261643836656666323032336463653165386638653630326561343234
62316530356137313130393235336637646566613562353261313431663232666131336330346461
33663966386565366362366564623965616437656638613065353234393863356165333738383932
36383436363439383433613966306439626366633337333261623964316535386266363230323731
32393763333232653462396163633037633233306232336435666235336163353333646231613639
35616131623064373162636466353233383866326530643838383538363934353433636463666332
62363664363163623264393334613037366463633664356133653230376332366162383031323565
30366335333563613861616237613939383536393565386266636230303166333364333063326233
65333538343338336637626337646631373162323030666432613630316237663035623735356664
33396130366634613639303463633337373137643065376234333935316431396234383464396638
31636466373736303665336236343630623537323561623864653234643461653266623739616162
35376666373433333533313665326530643235656135336364303530303136626636306430613262
36646637356337303866316338623430356565363762353034646531623035646436303833336339
39336531636538653263366266623837663438363235393565646663356230373239663366366664
31383935393965663634383265353164626536643531626161343566643230636562333832336634
34326132366333316236386633393263646235303337393936656332303432653665653136363633
63366266313637653938333133663937616336626430353763396366386464336535616533303365
63373536363963326130366561643834643365636463353964333936656230383835623232653661
37363538663532326165636162303861613965333234376131306636666661313435383338663930
31346237643866616461363063303437306138326135393438306632356163646437346431336462
62643837353337633461326565653030303534626130646334366265363234323136663936663933
61386333656536333939346462616633363533666136636336343739616630623035303866386666
62646631326432613162396264316362373162653134323966316566336166316437356237656632
61613832373739313635663365363839353731336136303161316662303030313664613334303566
61376666643264346163346564633331643830333832396437333364653239363263376563333631
35653736643863613538316161646232376531663436376330636465343036666466623962616435
66333036376132306438376132653666306637383632663338616462396630336338386133653530
61313530623534323365383937646437656265313237316564306665356364336437326133636537
65323731646532633866633464356136663635376630663139386364333937613938613166336438
34636233356138663337323936323832303834623261393765343437623739666566363437643636
66343762626538313365393965323736393532333635333566353963303633356635363132313331
63613433663866313934646133346336653333393237343263343764623063333365353535376165
65336131653430353231643232646666663039336630623735383863633965613066363964353762
39336435376537376666626534633332633739363966386537373663663231303463373938313532
37616636323435373731633438383530366436323339383830346430356434613539393233306236
32383833663438663931633963636635343064666139333963386363386132373664303766393938
34373666633031376135646437326632636634303637386464643736346632306466653431333436
37393231643561383938636665363635653963363032356436306166636464353964393134326139
66633039313437323631323634623137316232656536643633346436306233363165346636653461
36303764333933343165383732393933313434313065343532333262646336323430343339353830
30303062313965393362313064306437363439313338636163623966623737646134306433383161
33383931383738313439616263656637336430333931633366336361363062393762353264353464
31666134353539323561646265643430343435393332353666623930616466333735613332353038
31363161356531643861643431396365383266323034373832393530323563383262613864656639
63323262396432303764636234646364623430366539363661366665376337613566373230393732
32313038376538666433396530393763623564313665393834386465366432666436333264666531
37363632353531373662373763613932356231356464363361646565643837653662646333643963
62356662666464393735353133323664356339613664366664336338613538316264343663643935
34663939316438383038353862356338643736333566353631306635333961653132363465623936
62646134616231323434663834393238353962646265303962663238386465613237373262663737
63663839383430396637646462633132356232666439303939616135336463373866373064393962
62623366313766393464613366396631306231613439386431336337363766616633323266643262
36373936366363653133656537376437316365623763383536303162353538623632306237653962
66363537363431326233343362326538343863306361393836303365393437646234613066313236
38656139633362346564386161333834633231363736616566623134343730323036643864633032
63626237346431353537666166326636303464326531613837363034663134393765656265306339
30346439346638343461613233313031353232333861353465626638393731633166373461356264
36363261326133356365653238333030383365643531373837396432383561346466336638323737
66356465326666363861353763373538663565323531636564376633366161316230613566396366
32376665306166363363373562353462396237313335336531363030323838643936363933303036
33653538313161613434626466363666623539373864366134316363623836643964396632636439
63386439346264386139366339383262643062353137353237393561646264643435636635323135
30376361323066313164313962646431643236323562636663613739333437303562636533383765
62623835306565316532343037346538363533363366613662336130633433656235643064316430
62656431333833396633343731313364303165313135333465386464386536343435643165376136
38656535663962313430393633366637643935656662666231623533373634306362643263346538
34663930363962613766306439366432653335383031636161383636626162373366623035646331
38343238613531303166356239643130303338346361333638363237363439346435333937653135
36333136383562376233343434643330386163323262663464666335303032613738656165363739
63633162373930636165393334316261356331343839353864633537316132633938323539333330
31383365666233666436356464356637653239323461373735626261326131336165643037633435
38323733313562383930353537313362396639613436333962386232386362383038616463306137
39643133633666393866386535343162363537386364636563646638643436393666383661626338
64653066623762646566616563313161636162343631396263386364383336626564663138666535
32333338396233633637306165626631656531616336653137636164663138383437653635643839
66303935653664316332663963363436613736616563346462373033613434613638373261643235
66663330373764653066323035646663326662323461656464633265353431626366313266396338
33393036313066613732396465303936383136656634396339353966326535663432633963323465
61626231356137346435346239376330363565663365653665313662336638353633653635343561
66316633323530393336633935303330633363333032633062393263316461346262326336333665
38383538386365346534386464623165396463306536313933306537653065303535633331656365
37313431626235363032643065303564653332373562316362353030646634303833393963663964
34613934656531653437333231366637623232656539383061316236336662333839633433613064
37303936323132653366623966353136646361636639333231636665393832653532383562626165
65633536393238346136383137333838303965633864616366666238383132363663633638646633
36383564313534396233303534346633623565643237623935326665313065656361363538623762
31393935643535653437313533613232383838303136626635353864356461336137646535353838
38393232306331623639643237643436663966376161306633373739636636623430353862663261
63613664373230393538303732386664663435333563623434633234613964346236663935663835
31386231633335303631653165356332643035313638663936396131633531623133316536343265
39353563653939366132616265376262323365363264356665393131363635363437396436313262
36343531343638366562303239396431336562623632303933373163393432306662666434626135
32613335613933346266393064326133666265623366643331346130363164623561323935313839
66373034373736653266376665396164376363353161326431383735303965306439383664323535
36353763623834626164316661383264663237363537396431366463623564313636353165643038
66623462366234633966333239663331636638653937373733303139656137626633623137653362
35363936663136663038323861336361613834396239336263616639393439616466366662326334
64356231326436393330626162376236346162383762626161643137636535626465373664613661
35663836366563663262313563313266623330656462646264366664326361313666356265623865
36346262373565376362313433366161646334393863646539313165636631376236323430323230
38636334343431636264333935376636613962613061313766346331313361633430666461636331
64346133346534373431616465373832653662616164306537343335333130623765333938623265
61363965393732653734346231316166353930666130386637326437383764376134356634376163
62386436363234366432346534303764393466653264383866323461376232623039666631623139
38643766313965316162653136383866306531373830633531626330316330666439306331393635
39353766323765313837316361303431623362303439643666316137616432633731656530303530
39353561326330373532386434383465613163323065366366653136363430336562643733333064
62613464636566333139666463346666656139303636653236353861663665383733656166313665
34393763356437333063613761376338313064643063363432663737336164383531383731383831
37663432613261663264613764373237323363656163373966616461313463326236613431626461
30323639623032643936373935623164336430623362303136643139636131613861323161303663
64373030626665376530383131653266623262653736386663303666643266626564663434653137
62343736313465333139373533373036383365636238353061333739353064356232636538303935
63393331666661323337343135326130633034383763643762363039343564623564613439626535
36653764613432373034303665353762313032366539333637326661633364393938353561363339
36363961396431356335306130386138643437663139386232393132356239303937653062636364
63376538653565353634326531353539393764353962396139363433363865343832393138653562
66316362616431616437656636326436646162376331313139613838376162376362336364386638
31666261643761356161653761383338623135663139666632656231613630653333636333383830
63626435666337366366663532653362643631336239306132393633383932396336666461376236
33363338646632313537386133316666353331623633376530333132653564393233393264386266
35323762323865393534363466666537336130613561656339383234663532666262623162323562
34643136663930393936643061373866376233316631666336343035323264643066303161336433
38366533306231633434626439333262323864623533383733663864663536383564326634386233
63666430386164333566373539376234313762656631333832663430623637333231326531393936
34636136643564336239653835653934306235333938393566353331653466666239396536336136
66363962623832623336343936343937363432346239313737313032323734623861363563333663
66633033313762353239636438666161616139633531623137653231336362386635396465643664
30343564343736376462663939353436383338386461656536313532313462313938653661666664
66376135636433623265323531353636363436383137356666303835313635643931333566366330
37646133333733646336656534343032336232376230393463326632363534643233356537643239
31643533656237353931663063356238626662346261386234393232656634333266356333613532
63336364373633353030333431313438613839333037343835623233616231636634303236633662
37333433306662353930643237666632373335363764333737653333636464376234376239303034
36376539636366643663303732303636336134373562346365666530353939666636376338396366
62393936353038626136333431613331653633333462373464666237333734666161626265356133
30643136343165656364316665383835663263633262356265653663343530316530643363373365
61326266666463373762303738386462353162363633653962656237396366393139626639393865
38353731613363393137303439386634646132316437376165393836616464623665653961373661
39356262613063316536353162396264336437636561643039303733646264323034396236396463
33653333346534333533643238366630323239383436613965646130313537633639313630643166
39383562306665303530313038373330663963393563396239356166643463363766643864656333
30613063656263323537663730323636316366376635313264616633643536343834643038343762
30613637383337663264326537633761393663323632323430383362643235616236363132366137
36616431643561363138303762353961616631306336373766366537653963626632386632666533
34333362646362313633343964653531373661336334646539363032643333323962316634646531
37373333636339363739383765613862373037633331363933663134303266323930633464666364
33386536323864633735353263643134373763363465373865643237633630343738656133666364
37353362356437323732306433633237386430373731393531666435636637663631313765313966
62366139633832633763353536346664353832326565333965653730656639643265303363623431
65373163373834643035633765633434653366613033623065333065623936383833323939626665
35356132626131623535393735646439343437623963633532353038316263333032383365373666
31653535636631646632303737616535323165666233383131666563626561613232313566613866
33656363333132346430303439316239356635613839616234336664626162313732303737336233
30356133313638313935376465386633333261643636656431653336313238306266386534383438
30613062313935363163363464643964316662366136363165346136353132366335393538663936
63326638636265633066636437373763613739316633313234616663333233346438366566323431
66326330646533653435376664623235393137366234333132343566326336313337396562353031
66336365376635626436663234653062313630653663373466396433383362326166623966326638
39626436623963373565303638626338343537373830326331383566396634393864626130666436
32613437383833313662393065376531306138633765613761623236396334643966623635623139
61383361306435653135663462666166333830663639623365383530383862303430633532666564
65323765663237336436656162373138623034353937353033373564323933383064643032393261
32323834383838356363373937663063643165363661386564326338383337353237316465376561
38386535623530393731303532366563663431343963363865366232653433323661656338643963
38663133646362333830313235613063313634343738386434326265343465376536313335643833
32386234336632633336376664643437623966303935383934366534663837363163326134666262
65333565313232353365383937636138663638333466396235363533316630323463373064373131
66323162613264393930393061336430306263626161616266323965663966346134323232383235
64626562656137313765303736383364633135653336376536383361386163623631653766653739
62303566633337393134353833303961313330646466616638633630626465306365303739326336
31623935623239356637323539383930366339303261396430663337643331623965376638363834
30616531356232643735333266623939333830616464396266633436626539346132353437336666
33373338643731633332613662643430646530393435323535306537393430333130636138343464
33626565616439306636353638616634616630396162646130643136383033313661353666613061
32396338306531306137613963393935653734616631636566306630646162616137613565626238
32323061646665373431323437326665313364353865343162383337656437366164393632643530
35313063643461396434363834376465376630373261626465636333323934306335346661393934
34343731386364633333393436373839343830616339383236663363323231386632663037336134
33633339316230343461393363373337643633343732323835663838323364393136646435653734
38643436363336373636616166663565616431353939306437353534336233393663666536613936
37643365333666323061396139366338623461656134303036623733306466663534373937626561
30376564653161393639613733353739653332303431333065333730396436373964646233663764
61326133623862636461613461633237396238653163326433633335306664396532393433373465
38336532393761666439346639363535316137616461383938376638316238343532343831383165
34366431346663343036306664333064386331663561626337626463386165636432383061633263
65636266663465303732633664323130316163323963666661383962663133616236313031353931
34366230646230636663626335636333303535643838643332376338363636303935393433393135
32653837663961663464613036363337613737363731353335616339376161366639623537353632
66343633333532643237343862353566353035383138386161303061643633613130333936383337
61646666666362343736363164653239393032613263633431633964616163353134616161363466
63383931333063326636313339313938323133393662646337323136333866616362636637616365
31393066663531613865623338636332623032366464353461333336316138373466393637326638
62633038666430353536623734376662346530616262623566306135643830646366636431353738
37393532393430346264666363323031376265376537653761336236323834303138396234306261
63313266343434393831303534666262663362666533393235626338616532373566613565643833
32323331626330316139343637666530643539393631346530356431656234646137376338386632
66363733326331366166316531373363353138613763613937643739306135316136613963376530
64356436663233643835373364326366366562326239343735396163323537393639343839393531
64656466373139343265393863373262653135613538376334343163656137613530316266363836
65636135653063323664616235313465376161383432386239626564323138643237383065353639
66346338633939373539666636353132656637313432383837636535643533326130346665313333
64336566653931346438653865633661356334363830646631356164663663316462613965386631
36626536363936303335376336643633333638326561363963636431386433616231366635623137
35613435363732653433306538643566633830323438323161616435663236623162646438303133
36626232633965363831616361363037336136303937306633356238313565343437613432336266
33383339616663666431326161326139666430356434643766363730653333373333383833306566
62326639363437303966323132313533643935323037633134646337383961333938336637383363
34623933333163353536356137623036396230666131333138333162653034663937356132633438
66333035356530323765333238663130633933343464313835633865636533323865353039663934
36306162313731663730373830386134373730653033373666643436376633363330306664656133
31323038333131383130366166663339363661626635353331616534643932363835333238363330
35636538363937663532353765643166633834383164656130623232316566623534613338333837
35386263643563643537636131366362303765363262623261343039663333343836313865343030
62613734366236326461613361656534346532323662666465333138353430396362613363643861
63386634383465613330313661393932653334363538363338633036373666353934656339303535
66346561616366336433303332326333336635316665333535386362313434346138303565376333
63613461373162616264363539643866316665616634303164646666363762343134396265323862
39343432353761646537386363333231343565333934656134353664633634353565393034633533
62363961646138343436306234353065346639656237613531393962303334623832613961306632
64353430326338383064383230363266343863373566343634666365363931393036343031636135
31656336306434346564356263316566663831626666613838386363383162303932663761613235
34366438633837393735613765353431613838373130346639386332383730313531613931343839
37353063643139633262666136316661383233666337666231376430343630303437383232333362
38336539363631626133333338386131623238373361346566326563333062313633356636616361
37623039316131386330383735636139643039643261306365613234306463373535313964646336
65656539393363373865326561633935656338313165666336656565383931643037323266343563
33616666653339343933383430323833323566393365393162356232666364353232313138373761
61653932366436366433623235366437623735333339613333353236656133616264323531386162
32356336626166313333623066316439303565353162376564386366653233353966393739363838
37363336663164336639613338323037303930623430636536613431613931636438643831383662
65653939383435613834623466666635306532303266303539373038633062643139666532623261
63306435663632333033383638643664663735306335643236313864393363303463393965343430
32383562373732373635623137393662316364393936353431313034316566313938643132643937
66666530663463373333666535613332366263383666333538353239326139386239613732343165
33373437613531393934663361613561663431373066303737626236323562646463636638303638
35353963363065626438343366353066643662313963393532356337633430626439386335666336
34616566333138653763343436656238643761343565656232346266336533313661373535656536
39373062343266633234316634393763616431303333356264363162323431373561663131303236
61643463653766303737336132663237363435333537383663646636623939393639616665646665
61643661623334333739396566666230363336646336333165333766386464386164306634666334
62383136633762623332323665633062323337646632613163353539363032353837643031333663
64343839643030336135356163633563336537633030663664306436376430633265333666396334
65363161366533303764626337656665323037363331646664306538396431616563376533333366
63636164376565383339643833376237343730646337636164393630396534383462343535373132
63323235623137393735336362356361326331353739356566363264386663303061323461666138
34616637326462613963343434313662306662663532653162333531386635386662353335326264
38653433313362636138373431663934633065326263633164363966333437643030373939656135
33653430323263623138633063373063323366636538363639626332393264653361353965613765
36653765623830363865333937643232323735663265363432323563663165633065386637626231
39616266336365323630323632333031363363386666343430383366633930363738663830346663
64376362326564656138353634353763386239666537363433373765633036316630656335316164
36326432623339326561643534623730303536653037323739626535623533633266656339623539
36323636363836613738306330313965356363306534326661396632326465323336626132393132
34656538663166623033663431343766303363326339346437643761386536616165353163333261
37366234343237666636343835316262623430613162393631396262396634653137323635353639
36343864653436353637306666623861383765343966376166636565333337643561373838373561
30623436393365323566356437386464306433616131303962313034336339306162313038396235
64373265316630613564616531346335373037616361353530623437643961656563333466313434
38303030613339663263376466623436633839386431343264336538633433613137333961323666
38323932343063653232633635363836633063386237646338363731616361336662613965326163
65343562663530626537663566363335333830663032306261366234616132623537386136646537
61303262373238613638346466393731343964386131373137623331353263323134333737376366
34306564343733346633616633626161386632356533383761343461386663613864363839353036
38396566346130393233306439666264346231633339396361366131363761396230353265313030
32356561616461313936343162323636616361316265333431623665633965353037373934663865
61326432656133656662646437623631346335636636656332663932373339383262613838656563
39386564353564613532363634346433393132353030643931383563326664633039663066613863
65313765303537663631333532633565386432366338383136363230623266393536343765653665
30356239636639643930303563623539643863326335373734646563623861316334393131663137
33373037353961666138643038613530613839313737303130306431393538343832643436386333
37323263343432313963633131663531383335653136323936366535393464363535306232323832
35353135363462636337393664666437646334663864613735373562613539336131626138356261
63633132326461393366323862663761363836343761363337346534356664336235303137666233
36643764386539366339623731343834346166313666643337366539643563373139613363656531
37396439306630636263313036306661366230396266636435363762353338316237633666643963
33633565663466376665306266663665306363343538646565643063353365623337306664623365
63323033353061396462313134616631643531343265313337663732663533626466656663613466
31633065363636306639346261646631393032666366373638376637333466316637653938363264
37373631353332643732653439383333663366373966326563633130383364363465393330633732
34316436303436376565306139376162376266646534353063306337393966616230656630353565
38383535393963616231666235376232313438663866366366316637383339623338373036333236
37313734653438616433333639343664343839643831303364663531363964616638626131616466
64613038366430633364396133633031663739326139363138616539313161663364356261656534
34336466393537666665653134353132326661633738323633393263623463626332663138393437
32656630386233383434613933356263666463626365643235653665323563656134313435646331
31663634326664626330646130613731316662666437666132323733643261663366353332383766
38353635663263346266393938643234656435343566333666623466663634323632666535616237
37666564376433356539393962343961333465333734643666353537363435646365626439386464
63633466663665336432343261623032326135343166626533326531333461373661643966373234
36643337663635303866653134313336303564643134613630396334616465653630646265616662
64663833646535303763353566376363633666323831313862383536326339383832616466383263
36373135383837383130393164353534633538643039333930653736653236303063336432666236
37303337373261376230363631363137646137663162303431313933333161616433303538336138
37333834386535323261623762663730393630393334653266663965393634346165373430623262
62366434356461393333333162656432346364333763656636376462336536363730323531643836
66646164613664306464653665313461656465666465336231313338373965383065636164623834
66363432313561303761356265316335653937633565313965656462393038653138653732633666
30613039653864393233613039616666623438313766363566353166656332616562633735353437
31633265366161353564643531656164666466313938303762366637343866636537326233353138
30636434343334346634616338663335366664666565366436356435366333363931396237663337
31303431616636633934323939313064613366326335306233323433323133323635663137363564
64356335663431653036336438616237613664613238616564323764333030656333373833366664
33646664653838666331343636346134343066376563613432643539333030373235346335313633
32643638626632373432613039313133373435373731653333646265633065303066653133393831
30663531356438643636656338363864646132373661306637633838666365643663386538383534
31353865306433306331353830396139383061666631336166333264366537323961353036653430
65663834666638353033383763663236336563623763656536383831643437323562633337373763
62346338626437643536373034623335343935386662623262633338393864643538626236623331
31396239663130303232653339386161626239316630636166376139346537636538316563353330
63663537396332646264336233396635316263323931316231343262363866313430326534653131
65393063366432383135653436386231396637346138646663626134656337333264653461366530
36663961323130663761323636316264343637653164326136343135666439363236356632626165
33663534623633353661306339643831323661336665663831323733343166323661613365656337
64303334316665333130666666363464643666343634616464356466343661623231326636323966
63393736336663343463306362393833326632326164343665313334353534353664376137646164
34663131396265353065623335663663656566343335353235376534616163623630353837353362
65646131326432333533663537636662396664313231346461656163623834376264636164626536
65373934663937623436306562303366373964323463333961363138643731623265303736336635
37336562336634643830393533396462303761666563336331643135333632316163313030396162
38333938376463363963633133613766336663306636366639386361333463366430383166633366
39643333386539366139313163303064616365383364306662616661646264303033623539373266
66626562633132373061333636353232656139336638666463636338333739656637623035366262
61303966333266333763653462623835623835313263616332636634386531663938376231333164
35366465326234626262643533313430633235666535336332373139326463636562643534666130
38666434613366663564373936626231626632396264616437313533636164663466326461656564
61356134653262356538396261383761653264633865353936393566316634623338383865376138
66363333633632623439336561616535373736353362646130613663333364623437643739653239
65633963613065303232633063343838633636326266653536306531363861383537336563623839
32616665386137353932616138643435623636616134316338303365626637363864663264333935
62393562363433316132363239306465663163366239646132323236383935356362663938353035
63653665343965366534616432653866323930636235306230353930396434303763616166396335
63373235396331346135343634373139656164393065623131306235363031313636303533663031
65393462346166306562653633303930343238333931396133303463346431313637386333613131
37613330353131663337356362376166353534346364353534643436636664333638643263306532
66653831653737666463346233343066346136343366613263326533626533323861613937363838
35343462326164353537353131633761393962313162373066616337343564643135333635663331
37356266373963303438346532376461643338666365363338376132613764616363386565623837
32343461636363653132326535316266343031643937653130316561343231633435333931633362
34313432306634633966613437336361336331316164663430613439396335663866616239666563
36346335326430363366343539366364346337383431656132643030623934346236663439636335
63613262363965376561393030633362636165613862316638313538356162303165323365363131
31653336333837343832346264323762626362353530393533393963316339353863623934633930
66643139616236343761326130303933363531383131346636356232326333333730663566633732
31386266623537653463666532623231343961653662613766383235306166653835643939623532
35636130626265376535616634326439643734326633346135623833613363356638613839366635
64643837353762336337326539353363303430316131326533303837316535383934353764346330
39623636323566656638623139336435386162396432393938373631383764373330393731656236
63303763306263366637343838623738336336323635306263646534663333343861626430356530
63386161653664376662333135326436643439666634383061373165653032333331313833346336
33333563636464616633643762636630336461326638653838376264623232363739333461633335
30616164333336353335633463643963326565333965353665626562666136653764393263633637
39316262336437643337363532373865363566333032373662316366623838623936383366653764
32646537303238613036656564393935313465356235383965336566393436633331383430323539
65346239306533613139346437623139373665656365623732656633616461316130363538333431
32643463626462393934623365666164343662323835393731653466333034373032613535356133
66323231373839613838663430343932373834626238643130393634626134343634333338646166
61336436333233626635326530323666376135393430303765393035653663393562633536363566
65353139323535653334613931323733633832613661656563346465366435333833353734666564
34626166646339353135633035326365656434386139646163613333353937643266656337336361
63333630656638623333363537323666386361383566346239613465663365323831363936623666
37626666396538633932653635663831656466643364653863653939346434656366623764323761
62646665303462646330353562373862363130313832626366613036616565333633656538363832
62316666303264363135646132376131656663643136643963313333616265633461396361396136
37663437383430393131643766306532656466323939373535313433393935313634666235383164
34666263613331386637653136336335333262616462393236646538653936656266353539313332
33366462623236386431636561393832646336386462616231663133326331363538636535373866
61356139373836363633333431333031323239346462333530373438363863646561396131636638
33626130313263643033313538633833306261636536653461666239306264636434323232656163
36373965306166386135323737383936656462376161303431666531366131643861616333636130
61363565353430383838643130613863643833656432306663306530663130633464636232653262
66363831346265356366383031326464626666626530666332343164643937643561303566363538
61316630366131643539356531333331363736373131373938353530313265646338343863643631
30313762343332313439646362623437356537646437396337636637353335643966666534323766
63383138366666616139656434323231356564356432373464313865346335646536333038396238
65323466383233353137363231643539313362643636356165636133313332306462386262653561
37646364616137373436333663643161313964613235393033383364623834396465323864386333
30383066306563323965376666336166356362393165333230333239306439643430353730663132
38383330326137653335303635393230633037623562303838356562356531656261376637643237
31313838366636373839333035666666613731663433333238373531323930633565303862326534
64613539313333306562383164323132336362653262383439346561353234666130376337616239
34376330363631633333306437633063363537323333633264373966333336613934653931346238
39623736373430353837396361636235373535353862343334623431363365363738613462623731
34313636323564626637343133656535303433303035383661333530346231613238386165386661
39363936633263666232643136616532316234333266306662383134386162353139663736373230
31316630313963343038633365366335363763386639366161656632393465353630346364643864
31663539316333343666383439383033323438666436373035616430323633336532363762393430
62643061393062643663343334303839343061656461343462373233373335333434353163353939
39323839633037613339343466303964326537626262306162373264666532343465623735343062
65646264353063363535636332303036653335666235383835613332326433353930616430386134
33653164393532386232326536643065383431306339373835663733343966616236653635633935
35363139383037306638323864613338396461666534623334306335316637626335663063373334
34353539626664613334663265313739386430356534396364613864346330393234393034333031
36333734303738653464666338346263393335633566373532356530343163656163623831313433
63303561326263613861386164663834363232303635613739666562326330643061653762313338
38626332333539306631396164316165343931396536353561373263626534326631366335346333
61383135383934333764333263343933646538333639346664383238373362316239663638316639
66636639363037346466383335386665326537373039643861393435396237623464303537303861
31343461626334363462333334376565626566346437366164656361333436313164316639373933
35346439336330636561373930326139656538663237323738346165303335303564656138343762
32363066666637363464333539646137363638343164333331646530333234613138366535363634
32353034313738363039663965376439303133653233613336356365653030376461613463643039
39626339613436623763343366333965323464343834646632633362323931376538643865356631
30613362383239636538343962613037343266613635646430346537666265386431363730333137
65313035396435303861306435636136356165666362663965373964613161393936306266383464
32323766323535336439363639616137356264613234306264363531336266346237393734626565
66343361303338663966386162313466396638363064663862393563636565616462313863376239
31323761373431336534663165643330306562376262626135646565663036326633663031323930
36613162336535326265373135616635313066363961333539646566303936323838313933346338
61363762353032366165336163666334633066333633393061346261656163383732386434663165
36643264313437303034386237306462383261623732653438653739613563626234353762363462
64643564393931663531353034323362313030383363666461356438323763346465646433353231
64303034623637666331363238653566626437663562353534643733363837353739633337303530
35343365653830633237663038623861643131306433386432323936373861626131
